number of data items:390
100, 0, 1, 0, 0, 1, 0, 0, 1, 0, 0, 0, 1, 0, 0, 1, 1, 1, 0, 1
194, 1, 0, 0, 0, 1, 0, 0, 1, 0, 0, 0, 0, 0, 1, 1, 0, 1, 0, 3
243, 0, 0, 1, 0, 0, 1, 0, 0, 1, 0, 1, 0, 0, 0, 1, 2, 2, 1, 0
31, 0, 0, 1, 0, 1, 0, 0, 1, 0, 0, 1, 0, 0, 0, 0, 2, 1, 0, 0
16, 1, 0, 0, 0, 1, 0, 0, 1, 0, 0, 1, 0, 0, 0, 0, 0, 1, 0, 0
383, 0, 1, 0, 0, 0, 0, 1, 0, 1, 0, 0, 1, 0, 0, 1, 1, 3, 1, 1
205, 1, 0, 0, 0, 1, 0, 0, 1, 0, 0, 0, 0, 0, 1, 1, 0, 1, 0, 3
217, 0, 0, 1, 0, 0, 1, 0, 1, 0, 0, 0, 0, 0, 1, 1, 2, 2, 0, 3
67, 0, 0, 1, 0, 0, 0, 1, 1, 0, 0, 1, 0, 0, 0, 1, 2, 3, 0, 0
52, 0, 0, 1, 0, 1, 0, 0, 1, 0, 0, 0, 0, 0, 1, 1, 2, 1, 0, 3
28, 1, 0, 0, 0, 1, 0, 0, 1, 0, 0, 0, 0, 0, 1, 1, 0, 1, 0, 3
45, 0, 0, 1, 0, 0, 1, 0, 1, 0, 0, 0, 1, 0, 0, 1, 2, 2, 0, 1
282, 0, 1, 0, 0, 0, 1, 0, 1, 0, 0, 0, 0, 0, 1, 1, 1, 2, 0, 3
82, 1, 0, 0, 0, 1, 0, 0, 1, 0, 0, 0, 0, 0, 1, 1, 0, 1, 0, 3
268, 0, 1, 0, 0, 1, 0, 0, 1, 0, 0, 0, 0, 0, 1, 1, 1, 1, 0, 3
7, 1, 0, 0, 0, 1, 0, 0, 1, 0, 0, 0, 0, 0, 1, 1, 0, 1, 0, 3
127, 0, 0, 1, 0, 1, 0, 0, 1, 0, 0, 0, 0, 0, 1, 0, 2, 1, 0, 3
47, 0, 0, 1, 0, 0, 1, 0, 1, 0, 0, 1, 0, 0, 0, 1, 2, 2, 0, 0
204, 0, 0, 1, 0, 1, 0, 0, 1, 0, 0, 1, 0, 0, 0, 0, 2, 1, 0, 0
13, 1, 0, 0, 0, 1, 0, 0, 1, 0, 0, 0, 0, 0, 1, 1, 0, 1, 0, 3
263, 0, 1, 0, 0, 1, 0, 0, 1, 0, 0, 0, 1, 0, 0, 1, 1, 1, 0, 1
167, 0, 0, 1, 0, 1, 0, 0, 1, 0, 0, 0, 0, 0, 1, 1, 2, 1, 0, 3
56, 0, 1, 0, 0, 0, 1, 0, 0, 1, 0, 0, 0, 0, 1, 1, 1, 2, 1, 3
172, 1, 0, 0, 0, 1, 0, 0, 1, 0, 0, 0, 0, 0, 1, 1, 0, 1, 0, 3
36, 0, 0, 1, 0, 0, 1, 0, 0, 1, 0, 0, 0, 0, 1, 1, 2, 2, 1, 3
242, 0, 0, 1, 0, 1, 0, 0, 1, 0, 0, 0, 1, 0, 0, 1, 2, 1, 0, 1
65, 0, 1, 0, 0, 1, 0, 0, 1, 0, 0, 0, 1, 0, 0, 1, 1, 1, 0, 1
89, 0, 0, 1, 0, 1, 0, 0, 1, 0, 0, 0, 0, 0, 1, 1, 2, 1, 0, 3
109, 0, 1, 0, 0, 0, 1, 0, 1, 0, 0, 0, 0, 0, 1, 1, 1, 2, 0, 3
185, 0, 0, 1, 0, 1, 0, 0, 1, 0, 0, 1, 0, 0, 0, 1, 2, 1, 0, 0
43, 0, 0, 1, 0, 0, 1, 0, 1, 0, 0, 0, 0, 0, 1, 1, 2, 2, 0, 3
197, 0, 1, 0, 0, 1, 0, 0, 1, 0, 0, 1, 0, 0, 0, 1, 1, 1, 0, 0
227, 0, 0, 1, 0, 0, 1, 0, 0, 1, 0, 0, 1, 0, 0, 1, 2, 2, 1, 1
224, 1, 0, 0, 0, 1, 0, 0, 1, 0, 0, 0, 0, 0, 1, 1, 0, 1, 0, 3
15, 0, 1, 0, 0, 1, 0, 0, 0, 1, 0, 0, 0, 0, 1, 1, 1, 1, 1, 3
115, 0, 0, 1, 0, 0, 1, 0, 1, 0, 0, 0, 0, 0, 1, 1, 2, 2, 0, 3
30, 0, 0, 1, 0, 0, 0, 1, 1, 0, 0, 0, 0, 0, 1, 1, 2, 3, 0, 3
88, 0, 1, 0, 0, 1, 0, 0, 1, 0, 0, 0, 0, 0, 1, 1, 1, 1, 0, 3
202, 0, 1, 0, 0, 0, 1, 0, 1, 0, 0, 0, 1, 0, 0, 1, 1, 2, 0, 1
207, 0, 0, 1, 0, 0, 0, 1, 1, 0, 0, 0, 1, 0, 0, 1, 2, 3, 0, 1
123, 0, 0, 1, 0, 1, 0, 0, 1, 0, 0, 0, 0, 0, 1, 1, 2, 1, 0, 3
34, 0, 0, 1, 0, 0, 1, 0, 0, 1, 0, 0, 0, 0, 1, 1, 2, 2, 1, 3
170, 0, 1, 0, 0, 1, 0, 0, 1, 0, 0, 0, 0, 0, 1, 1, 1, 1, 0, 3
221, 0, 1, 0, 0, 1, 0, 0, 1, 0, 0, 0, 0, 0, 1, 1, 1, 1, 0, 3
95, 0, 0, 1, 0, 1, 0, 0, 1, 0, 0, 0, 0, 0, 1, 1, 2, 1, 0, 3
278, 0, 1, 0, 0, 1, 0, 0, 1, 0, 0, 0, 0, 0, 1, 1, 1, 1, 0, 3
142, 0, 0, 1, 0, 0, 0, 1, 0, 1, 0, 0, 0, 0, 1, 1, 2, 3, 1, 3
228, 0, 0, 1, 0, 0, 1, 0, 1, 0, 0, 0, 0, 0, 1, 1, 2, 2, 0, 3
49, 0, 1, 0, 0, 0, 1, 0, 1, 0, 0, 0, 0, 0, 1, 1, 1, 2, 0, 3
103, 1, 0, 0, 0, 1, 0, 0, 1, 0, 0, 0, 0, 0, 1, 1, 0, 1, 0, 3
209, 0, 1, 0, 0, 0, 1, 0, 0, 1, 0, 0, 1, 0, 0, 1, 1, 2, 1, 1
91, 0, 0, 1, 0, 0, 1, 0, 1, 0, 0, 0, 0, 0, 1, 1, 2, 2, 0, 3
3, 1, 0, 0, 0, 1, 0, 0, 1, 0, 0, 0, 0, 0, 1, 1, 0, 1, 0, 3
119, 1, 0, 0, 0, 1, 0, 0, 1, 0, 0, 0, 0, 0, 1, 1, 0, 1, 0, 3
108, 0, 1, 0, 0, 1, 0, 0, 1, 0, 0, 0, 0, 0, 1, 1, 1, 1, 0, 3
27, 0, 0, 1, 0, 0, 1, 0, 1, 0, 0, 0, 0, 0, 1, 1, 2, 2, 0, 3
17, 0, 0, 1, 0, 0, 1, 0, 1, 0, 0, 0, 0, 0, 1, 0, 2, 2, 0, 3
265, 0, 1, 0, 0, 1, 0, 0, 1, 0, 0, 0, 1, 0, 0, 1, 1, 1, 0, 1
153, 0, 0, 1, 0, 0, 1, 0, 1, 0, 0, 1, 0, 0, 0, 1, 2, 2, 0, 0
74, 0, 0, 1, 0, 0, 1, 0, 1, 0, 0, 0, 0, 0, 1, 1, 2, 2, 0, 3
225, 1, 0, 0, 0, 1, 0, 0, 1, 0, 0, 0, 0, 0, 1, 1, 0, 1, 0, 3
215, 0, 0, 1, 0, 1, 0, 0, 1, 0, 0, 0, 1, 0, 0, 1, 2, 1, 0, 1
94, 0, 0, 1, 0, 1, 0, 0, 1, 0, 0, 1, 0, 0, 0, 1, 2, 1, 0, 0
41, 0, 0, 1, 0, 0, 1, 0, 1, 0, 0, 0, 0, 0, 1, 1, 2, 2, 0, 3
184, 1, 0, 0, 0, 1, 0, 0, 1, 0, 0, 0, 0, 0, 1, 1, 0, 1, 0, 3
93, 0, 0, 1, 0, 1, 0, 0, 1, 0, 0, 0, 0, 0, 1, 1, 2, 1, 0, 3
155, 0, 0, 1, 0, 0, 1, 0, 0, 1, 0, 0, 0, 0, 1, 1, 2, 2, 1, 3
283, 0, 0, 1, 0, 1, 0, 0, 1, 0, 0, 0, 0, 0, 1, 1, 2, 1, 0, 3
121, 0, 0, 1, 0, 1, 0, 0, 0, 1, 0, 0, 0, 0, 1, 1, 2, 1, 1, 3
272, 0, 1, 0, 0, 1, 0, 0, 1, 0, 0, 0, 0, 0, 1, 1, 1, 1, 0, 3
131, 0, 0, 1, 0, 1, 0, 0, 1, 0, 0, 1, 0, 0, 0, 1, 2, 1, 0, 0
33, 1, 0, 0, 0, 1, 0, 0, 1, 0, 0, 0, 0, 0, 1, 1, 0, 1, 0, 3
151, 1, 0, 0, 0, 1, 0, 0, 1, 0, 0, 0, 0, 0, 1, 1, 0, 1, 0, 3
57, 1, 0, 0, 0, 0, 1, 0, 1, 0, 0, 0, 1, 0, 0, 1, 0, 2, 0, 1
25, 0, 0, 1, 0, 1, 0, 0, 1, 0, 0, 1, 0, 0, 0, 0, 2, 1, 0, 0
144, 0, 1, 0, 0, 1, 0, 0, 1, 0, 0, 0, 0, 0, 1, 1, 1, 1, 0, 3
180, 0, 0, 1, 0, 0, 1, 0, 0, 1, 0, 0, 1, 0, 0, 1, 2, 2, 1, 1
68, 0, 1, 0, 0, 1, 0, 0, 1, 0, 0, 0, 1, 0, 0, 1, 1, 1, 0, 1
21, 0, 0, 1, 0, 1, 0, 0, 1, 0, 0, 0, 0, 0, 1, 1, 2, 1, 0, 3
42, 0, 0, 1, 0, 1, 0, 0, 1, 0, 0, 0, 1, 0, 0, 1, 2, 1, 0, 1
105, 0, 0, 1, 0, 1, 0, 0, 1, 0, 0, 1, 0, 0, 0, 1, 2, 1, 0, 0
46, 0, 0, 1, 0, 0, 1, 0, 0, 1, 0, 0, 0, 0, 1, 1, 2, 2, 1, 3
166, 1, 0, 0, 0, 1, 0, 0, 1, 0, 0, 0, 0, 0, 1, 1, 0, 1, 0, 3
29, 0, 0, 1, 0, 0, 0, 1, 1, 0, 0, 0, 0, 0, 1, 1, 2, 3, 0, 3
244, 0, 0, 1, 0, 0, 1, 0, 1, 0, 0, 0, 0, 0, 1, 1, 2, 2, 0, 3
80, 0, 0, 1, 0, 0, 0, 1, 0, 1, 0, 0, 1, 0, 0, 1, 2, 3, 1, 1
12, 0, 1, 0, 0, 1, 0, 0, 1, 0, 0, 0, 0, 0, 1, 1, 1, 1, 0, 3
32, 0, 0, 1, 0, 1, 0, 0, 1, 0, 0, 1, 0, 0, 0, 1, 2, 1, 0, 0
38, 1, 0, 0, 0, 0, 1, 0, 1, 0, 0, 0, 0, 0, 1, 1, 0, 2, 0, 3
236, 0, 0, 1, 0, 1, 0, 0, 1, 0, 0, 0, 1, 0, 0, 1, 2, 1, 0, 1
277, 0, 0, 1, 0, 0, 1, 0, 1, 0, 0, 0, 1, 0, 0, 1, 2, 2, 0, 1
141, 0, 1, 0, 0, 0, 1, 0, 1, 0, 0, 0, 0, 0, 1, 1, 1, 2, 0, 3
125, 0, 0, 1, 0, 0, 1, 0, 1, 0, 0, 0, 1, 0, 0, 1, 2, 2, 0, 1
53, 0, 0, 1, 0, 0, 1, 0, 1, 0, 0, 0, 0, 0, 1, 1, 2, 2, 0, 3
269, 0, 1, 0, 0, 1, 0, 0, 1, 0, 0, 0, 0, 0, 1, 1, 1, 1, 0, 3
154, 0, 1, 0, 0, 1, 0, 0, 1, 0, 0, 0, 0, 0, 1, 1, 1, 1, 0, 3
40, 0, 0, 1, 0, 1, 0, 0, 1, 0, 0, 0, 1, 0, 0, 1, 2, 1, 0, 1
122, 0, 0, 1, 0, 1, 0, 0, 1, 0, 0, 0, 0, 0, 1, 1, 2, 1, 0, 3
255, 0, 0, 1, 0, 1, 0, 0, 1, 0, 0, 1, 0, 0, 0, 1, 2, 1, 0, 0
143, 0, 0, 1, 0, 0, 1, 0, 1, 0, 0, 1, 0, 0, 0, 1, 2, 2, 0, 0
186, 0, 0, 1, 0, 0, 1, 0, 0, 1, 0, 0, 0, 0, 1, 1, 2, 2, 1, 3
135, 0, 0, 1, 0, 0, 0, 1, 1, 0, 0, 1, 0, 0, 0, 1, 2, 3, 0, 0
164, 0, 0, 1, 0, 1, 0, 0, 1, 0, 0, 0, 0, 0, 1, 1, 2, 1, 0, 3
44, 1, 0, 0, 0, 1, 0, 0, 1, 0, 0, 0, 0, 0, 1, 1, 0, 1, 0, 3
231, 0, 0, 1, 0, 1, 0, 0, 0, 1, 0, 1, 0, 0, 0, 1, 2, 1, 1, 0
284, 0, 0, 1, 0, 1, 0, 0, 1, 0, 0, 0, 0, 0, 1, 1, 2, 1, 0, 3
214, 0, 1, 0, 0, 1, 0, 0, 1, 0, 0, 0, 0, 0, 1, 1, 1, 1, 0, 3
192, 0, 0, 1, 0, 1, 0, 0, 1, 0, 0, 0, 0, 0, 1, 1, 2, 1, 0, 3
211, 0, 1, 0, 0, 0, 1, 0, 1, 0, 0, 0, 1, 0, 0, 1, 1, 2, 0, 1
246, 0, 0, 1, 0, 0, 0, 1, 0, 1, 0, 0, 0, 0, 1, 1, 2, 3, 1, 3
23, 0, 0, 1, 0, 1, 0, 0, 1, 0, 0, 1, 0, 0, 0, 1, 2, 1, 0, 0
5, 0, 0, 1, 0, 0, 1, 0, 1, 0, 0, 0, 0, 0, 1, 1, 2, 2, 0, 3
134, 0, 0, 1, 0, 1, 0, 0, 1, 0, 0, 1, 0, 0, 0, 0, 2, 1, 0, 0
285, 0, 0, 1, 0, 1, 0, 0, 1, 0, 0, 0, 0, 0, 1, 0, 2, 1, 0, 3
118, 0, 0, 1, 0, 1, 0, 0, 0, 1, 0, 0, 0, 0, 1, 1, 2, 1, 1, 3
264, 0, 0, 1, 0, 1, 0, 0, 1, 0, 0, 0, 0, 0, 1, 1, 2, 1, 0, 3
251, 0, 0, 1, 0, 1, 0, 0, 1, 0, 0, 0, 0, 0, 1, 1, 2, 1, 0, 3
73, 0, 0, 1, 0, 1, 0, 0, 1, 0, 0, 0, 0, 0, 1, 1, 2, 1, 0, 3
148, 0, 0, 1, 0, 0, 1, 0, 1, 0, 0, 1, 0, 0, 0, 1, 2, 2, 0, 0
193, 0, 0, 1, 0, 0, 1, 0, 1, 0, 0, 0, 0, 0, 1, 0, 2, 2, 0, 3
111, 1, 0, 0, 0, 1, 0, 0, 1, 0, 0, 0, 0, 0, 1, 1, 0, 1, 0, 3
248, 0, 0, 1, 0, 1, 0, 0, 1, 0, 0, 0, 0, 0, 1, 1, 2, 1, 0, 3
79, 0, 0, 1, 0, 0, 1, 0, 0, 1, 0, 1, 0, 0, 0, 1, 2, 2, 1, 0
11, 0, 0, 1, 0, 0, 0, 1, 0, 1, 0, 0, 0, 0, 1, 1, 2, 3, 1, 3
24, 0, 0, 1, 0, 1, 0, 0, 1, 0, 0, 0, 0, 0, 1, 1, 2, 1, 0, 3
110, 0, 1, 0, 0, 1, 0, 0, 1, 0, 0, 0, 0, 0, 1, 1, 1, 1, 0, 3
26, 0, 0, 1, 0, 0, 1, 0, 1, 0, 0, 0, 0, 0, 1, 1, 2, 2, 0, 3
85, 0, 0, 1, 0, 0, 0, 1, 1, 0, 0, 1, 0, 0, 0, 1, 2, 3, 0, 0
261, 0, 0, 1, 0, 1, 0, 0, 1, 0, 0, 0, 1, 0, 0, 1, 2, 1, 0, 1
128, 0, 0, 1, 0, 1, 0, 0, 1, 0, 0, 0, 0, 0, 1, 1, 2, 1, 0, 3
179, 0, 0, 1, 0, 1, 0, 0, 1, 0, 0, 0, 0, 0, 1, 1, 2, 1, 0, 3
83, 1, 0, 0, 0, 1, 0, 0, 1, 0, 0, 0, 0, 0, 1, 1, 0, 1, 0, 3
275, 0, 1, 0, 0, 1, 0, 0, 0, 1, 0, 0, 0, 0, 1, 1, 1, 1, 1, 3
271, 0, 0, 1, 0, 0, 1, 0, 1, 0, 0, 0, 1, 0, 0, 1, 2, 2, 0, 1
281, 0, 0, 1, 0, 0, 0, 1, 0, 1, 0, 0, 0, 0, 1, 1, 2, 3, 1, 3
4, 1, 0, 0, 0, 1, 0, 0, 1, 0, 0, 0, 0, 0, 1, 1, 0, 1, 0, 3
50, 0, 1, 0, 0, 1, 0, 0, 1, 0, 0, 0, 0, 0, 1, 1, 1, 1, 0, 3
98, 0, 0, 1, 0, 1, 0, 0, 1, 0, 0, 1, 0, 0, 0, 1, 2, 1, 0, 0
78, 0, 1, 0, 0, 1, 0, 0, 1, 0, 0, 0, 0, 0, 1, 1, 1, 1, 0, 3
220, 0, 0, 1, 0, 0, 1, 0, 1, 0, 0, 0, 1, 0, 0, 1, 2, 2, 0, 1
247, 0, 0, 1, 0, 1, 0, 0, 1, 0, 0, 1, 0, 0, 0, 0, 2, 1, 0, 0
190, 0, 0, 1, 0, 1, 0, 0, 1, 0, 0, 1, 0, 0, 0, 0, 2, 1, 0, 0
113, 1, 0, 0, 0, 1, 0, 0, 1, 0, 0, 1, 0, 0, 0, 1, 0, 1, 0, 0
76, 0, 1, 0, 0, 1, 0, 0, 1, 0, 0, 0, 0, 0, 1, 1, 1, 1, 0, 3
107, 1, 0, 0, 0, 1, 0, 0, 1, 0, 0, 0, 0, 0, 1, 1, 0, 1, 0, 3
137, 0, 0, 1, 0, 1, 0, 0, 1, 0, 0, 0, 1, 0, 0, 1, 2, 1, 0, 1
129, 0, 1, 0, 0, 1, 0, 0, 1, 0, 0, 0, 0, 0, 1, 1, 1, 1, 0, 3
176, 1, 0, 0, 0, 1, 0, 0, 1, 0, 0, 0, 1, 0, 0, 1, 0, 1, 0, 1
195, 0, 0, 1, 0, 1, 0, 0, 1, 0, 0, 0, 0, 0, 1, 1, 2, 1, 0, 3
171, 0, 0, 1, 0, 1, 0, 0, 1, 0, 0, 0, 1, 0, 0, 1, 2, 1, 0, 1
2, 0, 0, 1, 0, 1, 0, 0, 1, 0, 0, 1, 0, 0, 0, 0, 2, 1, 0, 0
258, 0, 0, 1, 0, 0, 1, 0, 1, 0, 0, 0, 1, 0, 0, 1, 2, 2, 0, 1
66, 0, 0, 1, 0, 0, 0, 1, 1, 0, 0, 1, 0, 0, 0, 0, 2, 3, 0, 0
177, 0, 0, 1, 0, 0, 1, 0, 1, 0, 0, 0, 1, 0, 0, 1, 2, 2, 0, 1
54, 0, 0, 1, 0, 0, 1, 0, 1, 0, 0, 0, 0, 0, 1, 1, 2, 2, 0, 3
270, 0, 0, 1, 0, 1, 0, 0, 1, 0, 0, 1, 0, 0, 0, 0, 2, 1, 0, 0
279, 1, 0, 0, 0, 1, 0, 0, 1, 0, 0, 0, 0, 0, 1, 1, 0, 1, 0, 3
9, 0, 1, 0, 0, 1, 0, 0, 1, 0, 0, 1, 0, 0, 0, 1, 1, 1, 0, 0
55, 0, 0, 1, 0, 0, 1, 0, 1, 0, 0, 0, 0, 0, 1, 1, 2, 2, 0, 3
162, 0, 0, 1, 0, 0, 1, 0, 1, 0, 0, 1, 0, 0, 0, 1, 2, 2, 0, 0
35, 0, 0, 1, 0, 0, 1, 0, 1, 0, 0, 0, 0, 0, 1, 1, 2, 2, 0, 3
267, 0, 1, 0, 0, 0, 1, 0, 1, 0, 0, 0, 0, 0, 1, 1, 1, 2, 0, 3
101, 0, 0, 1, 0, 0, 1, 0, 1, 0, 0, 0, 0, 0, 1, 1, 2, 2, 0, 3
201, 0, 0, 1, 0, 0, 1, 0, 1, 0, 0, 0, 0, 0, 1, 1, 2, 2, 0, 3
212, 0, 1, 0, 0, 1, 0, 0, 1, 0, 0, 0, 0, 0, 1, 1, 1, 1, 0, 3
168, 0, 0, 1, 0, 0, 0, 1, 0, 1, 0, 0, 0, 0, 1, 1, 2, 3, 1, 3
219, 0, 1, 0, 0, 1, 0, 0, 1, 0, 0, 0, 0, 0, 1, 1, 1, 1, 0, 3
8, 0, 0, 1, 0, 0, 1, 0, 1, 0, 0, 1, 0, 0, 0, 1, 2, 2, 0, 0
126, 0, 0, 1, 0, 1, 0, 0, 0, 1, 0, 0, 0, 0, 1, 1, 2, 1, 1, 3
257, 0, 0, 1, 0, 1, 0, 0, 1, 0, 0, 1, 0, 0, 0, 1, 2, 1, 0, 0
160, 0, 0, 1, 0, 1, 0, 0, 1, 0, 0, 1, 0, 0, 0, 0, 2, 1, 0, 0
90, 0, 1, 0, 0, 1, 0, 0, 1, 0, 0, 1, 0, 0, 0, 1, 1, 1, 0, 0
81, 0, 0, 1, 0, 0, 1, 0, 0, 1, 0, 0, 0, 0, 1, 1, 2, 2, 1, 3
112, 0, 0, 1, 0, 0, 1, 0, 1, 0, 0, 0, 0, 0, 1, 1, 2, 2, 0, 3
156, 0, 0, 1, 0, 1, 0, 0, 1, 0, 0, 0, 0, 0, 1, 1, 2, 1, 0, 3
187, 0, 0, 1, 0, 1, 0, 0, 1, 0, 0, 0, 0, 0, 1, 1, 2, 1, 0, 3
20, 0, 0, 1, 0, 0, 1, 0, 0, 1, 0, 1, 0, 0, 0, 1, 2, 2, 1, 0
70, 0, 1, 0, 0, 1, 0, 0, 1, 0, 0, 1, 0, 0, 0, 1, 1, 1, 0, 0
102, 0, 0, 1, 0, 1, 0, 0, 1, 0, 0, 0, 0, 0, 1, 1, 2, 1, 0, 3
203, 0, 0, 1, 0, 0, 1, 0, 1, 0, 0, 1, 0, 0, 0, 1, 2, 2, 0, 0
178, 0, 0, 1, 0, 0, 1, 0, 1, 0, 0, 1, 0, 0, 0, 1, 2, 2, 0, 0
19, 0, 0, 1, 0, 0, 0, 1, 1, 0, 0, 0, 1, 0, 0, 1, 2, 3, 0, 1
61, 0, 0, 1, 0, 1, 0, 0, 1, 0, 0, 1, 0, 0, 0, 0, 2, 1, 0, 0
51, 0, 0, 1, 0, 1, 0, 0, 1, 0, 0, 1, 0, 0, 0, 0, 2, 1, 0, 0
206, 0, 0, 1, 0, 0, 1, 0, 0, 1, 0, 0, 1, 0, 0, 1, 2, 2, 1, 1
198, 1, 0, 0, 0, 1, 0, 0, 1, 0, 0, 0, 0, 0, 1, 1, 0, 1, 0, 3
259, 0, 1, 0, 0, 1, 0, 0, 1, 0, 0, 0, 0, 0, 1, 1, 1, 1, 0, 3
22, 0, 0, 1, 0, 1, 0, 0, 1, 0, 0, 1, 0, 0, 0, 0, 2, 1, 0, 0
174, 0, 1, 0, 0, 1, 0, 0, 1, 0, 0, 0, 0, 0, 1, 1, 1, 1, 0, 3
252, 0, 0, 1, 0, 0, 1, 0, 0, 1, 0, 0, 0, 0, 1, 1, 2, 2, 1, 3
39, 1, 0, 0, 0, 1, 0, 0, 1, 0, 0, 0, 0, 0, 1, 1, 0, 1, 0, 3
18, 0, 0, 1, 0, 0, 1, 0, 1, 0, 0, 1, 0, 0, 0, 1, 2, 2, 0, 0
14, 0, 0, 1, 0, 1, 0, 0, 0, 1, 0, 1, 0, 0, 0, 0, 2, 1, 1, 0
10, 0, 0, 1, 0, 1, 0, 0, 0, 1, 0, 0, 0, 0, 1, 1, 2, 1, 1, 3
216, 0, 0, 1, 0, 0, 1, 0, 1, 0, 0, 0, 0, 0, 1, 1, 2, 2, 0, 3
86, 0, 1, 0, 0, 1, 0, 0, 1, 0, 0, 1, 0, 0, 0, 1, 1, 1, 0, 0
6, 1, 0, 0, 0, 1, 0, 0, 1, 0, 0, 0, 0, 0, 1, 1, 0, 1, 0, 3
286, 0, 0, 1, 0, 1, 0, 0, 1, 0, 0, 0, 0, 0, 1, 1, 2, 1, 0, 3
               attribs  cystic  mixed  solid  anechoic  hyper/iso  hypo  very hypo  ill-defined/smooth  lobulated  e-T extension  non  macro  rim  micro
0               cystic       0      0      0         0         28     2          0                  30          0              0    2      2    0     26
1                mixed       0      0      0         0         33     9          1                  38          5              0    5      9    0     29
2                solid       0      0      0         0         61    50         14                 100         25              0   39     21    0     65
3             anechoic       0      0      0         0          0     0          0                   0          0              0    0      0    0      0
4                hyper      28     33     61         0          0     0          0                 114          8              0   30     14    0     78
5                 hypo       2      9     50         0          0     0          0                  46         15              0   12     14    0     35
6          marked hypo       0      1     14         0          0     0          0                   8          7              0    4      4    0      7
7   ill-defined/smooth      30     38    100         0        114    46          8                   0          0              0   41     26    0    101
8            lobulated       0      5     25         0          8    15          7                   0          0              0    5      6    0     19
9        E-T extension       0      0      0         0          0     0          0                   0          0              0    0      0    0      0
10                 non       2      5     39         0         30    12          4                  41          5              0    0      0    0      0
11               macro       2      9     21         0         14    14          4                  26          6              0    0      0    0      0
12                 rim       0      0      0         0          0     0          0                   0          0              0    0      0    0      0
13               micro      26     29     65         0         78    35          7                 101         19              0    0      0    0      0
valid data items=198
dep_var: comp
cond:1 0 0 ['0.07142857142857142', '0.17857142857142858', '0.75']
cond:1 0 1 ['0.07142857142857142', '0.35714285714285715', '0.5714285714285714']
cond:1 0 3 ['0.3472222222222222', '0.2916666666666667', '0.3611111111111111']
cond:1 1 0 ['0.0', '0.0', '1.0']
cond:1 1 3 ['0.0', '0.3333333333333333', '0.6666666666666666']
cond:2 0 0 ['0.0', '0.0', '1.0']
cond:2 0 1 ['0.1', '0.2', '0.7']
cond:2 0 3 ['0.037037037037037035', '0.18518518518518517', '0.7777777777777778']
cond:2 1 0 ['0.0', '0.0', '1.0']
cond:2 1 1 ['0.0', '0.25', '0.75']
cond:2 1 3 ['0.0', '0.125', '0.875']
cond:3 0 0 ['0.0', '0.0', '1.0']
cond:3 0 1 ['0.0', '0.0', '1.0']
cond:3 0 3 ['0.0', '0.0', '1.0']
cond:3 1 1 ['0.0', '0.5', '0.5']
cond:3 1 3 ['0.0', '0.0', '1.0']
dep_var: echo
cond:0 0 0 ['0.0', '1.0', '0.0', '0.0']
cond:0 0 1 ['0.0', '0.5', '0.5', '0.0']
cond:0 0 3 ['0.0', '0.9615384615384616', '0.038461538461538464', '0.0']
cond:1 0 0 ['0.0', '1.0', '0.0', '0.0']
cond:1 0 1 ['0.0', '0.7142857142857143', '0.2857142857142857', '0.0']
cond:1 0 3 ['0.0', '0.8076923076923077', '0.19230769230769232', '0.0']
cond:1 1 1 ['0.0', '0.0', '0.5', '0.5']
cond:1 1 3 ['0.0', '0.6666666666666666', '0.3333333333333333', '0.0']
cond:2 0 0 ['0.0', '0.6176470588235294', '0.2647058823529412', '0.11764705882352941']
cond:2 0 1 ['0.0', '0.47058823529411764', '0.4117647058823529', '0.11764705882352941']
cond:2 0 3 ['0.0', '0.5306122448979592', '0.42857142857142855', '0.04081632653061224']
cond:2 1 0 ['0.0', '0.4', '0.6', '0.0']
cond:2 1 1 ['0.0', '0.0', '0.75', '0.25']
cond:2 1 3 ['0.0', '0.25', '0.4375', '0.3125']
dep_var: margin
cond:0 1 0 ['1.0', '0.0', '0.0']
cond:0 1 1 ['1.0', '0.0', '0.0']
cond:0 1 3 ['1.0', '0.0', '0.0']
cond:0 2 1 ['1.0', '0.0', '0.0']
cond:0 2 3 ['1.0', '0.0', '0.0']
cond:1 1 0 ['1.0', '0.0', '0.0']
cond:1 1 1 ['1.0', '0.0', '0.0']
cond:1 1 3 ['0.9130434782608695', '0.08695652173913043', '0.0']
cond:1 2 1 ['0.6666666666666666', '0.3333333333333333', '0.0']
cond:1 2 3 ['0.8333333333333334', '0.16666666666666666', '0.0']
cond:1 3 1 ['0.0', '1.0', '0.0']
cond:2 1 0 ['0.9130434782608695', '0.08695652173913043', '0.0']
cond:2 1 1 ['1.0', '0.0', '0.0']
cond:2 1 3 ['0.8666666666666667', '0.13333333333333333', '0.0']
cond:2 2 0 ['0.75', '0.25', '0.0']
cond:2 2 1 ['0.7', '0.3', '0.0']
cond:2 2 3 ['0.75', '0.25', '0.0']
cond:2 3 0 ['1.0', '0.0', '0.0']
cond:2 3 1 ['0.6666666666666666', '0.3333333333333333', '0.0']
cond:2 3 3 ['0.2857142857142857', '0.7142857142857143', '0.0']
dep_var: calc
cond:0 1 0 ['0.07142857142857142', '0.03571428571428571', '0.0', '0.8928571428571429']
cond:0 2 0 ['0.0', '0.5', '0.0', '0.5']
cond:1 1 0 ['0.16129032258064516', '0.16129032258064516', '0.0', '0.6774193548387096']
cond:1 1 1 ['0.0', '0.0', '0.0', '1.0']
cond:1 2 0 ['0.0', '0.2857142857142857', '0.0', '0.7142857142857143']
cond:1 2 1 ['0.0', '0.5', '0.0', '0.5']
cond:1 3 1 ['0.0', '1.0', '0.0', '0.0']
cond:2 1 0 ['0.38181818181818183', '0.14545454545454545', '0.0', '0.4727272727272727']
cond:2 1 1 ['0.3333333333333333', '0.0', '0.0', '0.6666666666666666']
cond:2 2 0 ['0.24324324324324326', '0.1891891891891892', '0.0', '0.5675675675675675']
cond:2 2 1 ['0.23076923076923078', '0.23076923076923078', '0.0', '0.5384615384615384']
cond:2 3 0 ['0.5', '0.25', '0.0', '0.25']
cond:2 3 1 ['0.0', '0.16666666666666666', '0.0', '0.8333333333333334']
