number of data items:192
163_, 0, 0, 1, 0, 0, 1, 0, 0, 1, 0, 0, 0, 0, 1, 1, 2, 2, 1, 3, 1, 5
48_, 0, 0, 1, 0, 1, 0, 0, 0, 1, 0, 0, 0, 0, 1, 0, 2, 1, 1, 3, 0, 5
8_, 1, 0, 0, 1, 0, 0, 0, 1, 0, 0, 1, 0, 0, 0, 0, 0, 0, 0, 0, 0, 1
159_, 0, 0, 1, 0, 1, 0, 0, 1, 0, 0, 1, 0, 0, 0, 0, 2, 1, 0, 0, 0, 3
85_, 0, 0, 1, 0, 0, 1, 0, 1, 0, 0, 0, 0, 0, 1, 1, 2, 2, 0, 3, 0, 5
109_, 0, 0, 1, 0, 1, 0, 0, 1, 0, 0, 1, 0, 0, 0, 0, 2, 1, 0, 0, 1, 4
140_, 0, 1, 0, 0, 0, 1, 0, 1, 0, 0, 1, 0, 0, 0, 0, 1, 2, 0, 0, 0, 3
69_, 0, 0, 1, 0, 1, 0, 0, 1, 0, 0, 1, 0, 0, 0, 0, 2, 1, 0, 0, 0, 3
164_, 0, 0, 1, 0, 1, 0, 0, 1, 0, 0, 1, 0, 0, 0, 0, 2, 1, 0, 0, 0, 3
128_, 0, 1, 0, 0, 1, 0, 0, 1, 0, 0, 0, 1, 0, 0, 0, 1, 1, 0, 1, 0, 3
88_, 0, 1, 0, 0, 1, 0, 0, 1, 0, 0, 1, 0, 0, 0, 0, 1, 1, 0, 0, 0, 2
64_, 0, 0, 1, 0, 0, 1, 0, 1, 0, 0, 0, 0, 0, 1, 0, 2, 2, 0, 3, 0, 5
76_, 0, 0, 1, 0, 0, 1, 0, 1, 0, 0, 1, 0, 0, 0, 0, 2, 2, 0, 0, 0, 4
39_, 0, 0, 1, 0, 0, 1, 0, 1, 0, 0, 0, 0, 0, 1, 0, 2, 2, 0, 3, 0, 5
142_, 0, 0, 1, 0, 1, 0, 0, 1, 0, 0, 0, 0, 1, 0, 0, 2, 1, 0, 2, 0, 4
123_, 0, 0, 1, 0, 0, 1, 0, 1, 0, 0, 1, 0, 0, 0, 0, 2, 2, 0, 0, 0, 4
195_, 0, 0, 1, 0, 0, 1, 0, 0, 1, 0, 1, 0, 0, 0, 0, 2, 2, 1, 0, 0, 4
177_, 0, 1, 0, 0, 0, 1, 0, 1, 0, 0, 1, 0, 0, 0, 0, 1, 2, 0, 0, 0, 3
143_, 0, 0, 1, 0, 1, 0, 0, 1, 0, 0, 0, 1, 0, 0, 0, 2, 1, 0, 1, 0, 4
21_, 0, 0, 1, 0, 1, 0, 0, 1, 0, 0, 0, 0, 0, 1, 0, 2, 1, 0, 3, 1, 5
27_, 0, 0, 1, 0, 0, 1, 0, 1, 0, 0, 1, 0, 0, 0, 0, 2, 2, 0, 0, 0, 4
139_, 0, 0, 1, 0, 1, 0, 0, 1, 0, 0, 0, 1, 0, 0, 0, 2, 1, 0, 1, 1, 5
154_, 0, 0, 1, 0, 1, 0, 0, 1, 0, 0, 1, 0, 0, 0, 0, 2, 1, 0, 0, 0, 3
34_, 0, 0, 1, 0, 0, 1, 0, 1, 0, 0, 0, 1, 0, 0, 0, 2, 2, 0, 1, 0, 4
99_, 0, 0, 1, 0, 1, 0, 0, 1, 0, 0, 1, 0, 0, 0, 0, 2, 1, 0, 0, 0, 3
37_, 0, 0, 1, 0, 0, 1, 0, 1, 0, 0, 1, 0, 0, 0, 0, 2, 2, 0, 0, 0, 4
145_, 0, 0, 1, 0, 1, 0, 0, 1, 0, 0, 1, 0, 0, 0, 0, 2, 1, 0, 0, 0, 3
43_, 0, 1, 0, 0, 1, 0, 0, 1, 0, 0, 0, 1, 0, 0, 0, 1, 1, 0, 1, 0, 3
137_, 0, 0, 1, 0, 0, 1, 0, 1, 0, 0, 0, 0, 0, 1, 0, 2, 2, 0, 3, 0, 5
103_, 0, 1, 0, 0, 0, 1, 0, 1, 0, 0, 1, 0, 0, 0, 0, 1, 2, 0, 0, 0, 3
200_, 0, 1, 0, 0, 1, 0, 0, 1, 0, 0, 1, 0, 0, 0, 0, 1, 1, 0, 0, 0, 2
133_, 0, 0, 1, 0, 1, 0, 0, 1, 0, 0, 0, 0, 0, 1, 0, 2, 1, 0, 3, 0, 4
171_, 0, 0, 1, 0, 0, 1, 0, 0, 1, 0, 1, 0, 0, 0, 1, 2, 2, 1, 0, 0, 4
58_, 0, 1, 0, 0, 1, 0, 0, 1, 0, 0, 0, 0, 0, 1, 0, 1, 1, 0, 3, 0, 4
165_, 0, 0, 1, 0, 0, 1, 0, 0, 1, 0, 0, 1, 0, 0, 0, 2, 2, 1, 1, 0, 5
170_, 0, 1, 0, 0, 0, 1, 0, 1, 0, 0, 1, 0, 0, 0, 0, 1, 2, 0, 0, 0, 3
68_, 0, 0, 1, 0, 1, 0, 0, 1, 0, 0, 0, 0, 1, 0, 0, 2, 1, 0, 2, 0, 4
124_, 0, 0, 1, 0, 0, 1, 0, 1, 0, 0, 1, 0, 0, 0, 0, 2, 2, 0, 0, 0, 4
184_, 0, 0, 1, 0, 1, 0, 0, 1, 0, 0, 0, 1, 0, 0, 0, 2, 1, 0, 1, 0, 4
120_, 0, 0, 1, 0, 0, 1, 0, 0, 1, 0, 0, 0, 0, 1, 0, 2, 2, 1, 3, 0, 5
86_, 0, 0, 1, 0, 0, 1, 0, 0, 0, 1, 0, 1, 0, 0, 0, 2, 2, 2, 1, 1, 5
186_, 0, 0, 1, 0, 1, 0, 0, 1, 0, 0, 1, 0, 0, 0, 0, 2, 1, 0, 0, 0, 3
138_, 0, 0, 1, 0, 0, 1, 0, 1, 0, 0, 1, 0, 0, 0, 0, 2, 2, 0, 0, 0, 4
179_, 0, 0, 1, 0, 1, 0, 0, 1, 0, 0, 1, 0, 0, 0, 0, 2, 1, 0, 0, 0, 3
108_, 0, 0, 1, 0, 0, 1, 0, 1, 0, 0, 1, 0, 0, 0, 0, 2, 2, 0, 0, 0, 4
130_, 0, 0, 1, 0, 1, 0, 0, 1, 0, 0, 0, 0, 0, 1, 0, 2, 1, 0, 3, 0, 4
29_, 0, 0, 1, 0, 0, 1, 0, 1, 0, 0, 1, 0, 0, 0, 0, 2, 2, 0, 0, 0, 4
91_, 0, 0, 1, 0, 0, 1, 0, 1, 0, 0, 1, 0, 0, 0, 0, 2, 2, 0, 0, 0, 4
45_, 0, 1, 0, 0, 1, 0, 0, 1, 0, 0, 0, 1, 0, 0, 0, 1, 1, 0, 1, 0, 3
98_, 0, 1, 0, 0, 1, 0, 0, 1, 0, 0, 0, 1, 0, 0, 0, 1, 1, 0, 1, 0, 3
201_, 0, 1, 0, 0, 0, 1, 0, 1, 0, 0, 1, 0, 0, 0, 0, 1, 2, 0, 0, 0, 3
106_, 0, 0, 1, 0, 0, 1, 0, 1, 0, 0, 0, 1, 0, 0, 0, 2, 2, 0, 1, 0, 4
214_, 0, 0, 1, 0, 0, 1, 0, 1, 0, 0, 1, 0, 0, 0, 0, 2, 2, 0, 0, 0, 4
211_, 0, 0, 1, 0, 1, 0, 0, 1, 0, 0, 1, 0, 0, 0, 0, 2, 1, 0, 0, 0, 3
10_, 0, 0, 1, 0, 1, 0, 0, 1, 0, 0, 1, 0, 0, 0, 0, 2, 1, 0, 0, 0, 3
35_, 0, 1, 0, 0, 0, 1, 0, 1, 0, 0, 0, 0, 0, 1, 0, 1, 2, 0, 3, 1, 5
74_, 0, 0, 1, 0, 1, 0, 0, 1, 0, 0, 0, 1, 0, 0, 0, 2, 1, 0, 1, 0, 4
111_, 0, 1, 0, 0, 1, 0, 0, 1, 0, 0, 0, 0, 0, 1, 0, 1, 1, 0, 3, 0, 4
193_, 0, 0, 1, 0, 0, 1, 0, 0, 1, 0, 0, 0, 0, 1, 0, 2, 2, 1, 3, 0, 5
80_, 0, 0, 1, 0, 1, 0, 0, 1, 0, 0, 1, 0, 0, 0, 0, 2, 1, 0, 0, 0, 3
104_, 0, 0, 1, 0, 0, 1, 0, 1, 0, 0, 0, 0, 0, 1, 0, 2, 2, 0, 3, 0, 5
61_, 0, 0, 1, 0, 1, 0, 0, 1, 0, 0, 1, 0, 0, 0, 0, 2, 1, 0, 0, 1, 4
169_, 0, 1, 0, 0, 0, 1, 0, 0, 1, 0, 0, 0, 0, 1, 1, 1, 2, 1, 3, 0, 5
203_, 0, 0, 1, 0, 0, 1, 0, 1, 0, 0, 1, 0, 0, 0, 0, 2, 2, 0, 0, 0, 4
207_, 0, 0, 1, 0, 0, 1, 0, 1, 0, 0, 0, 0, 0, 1, 0, 2, 2, 0, 3, 0, 5
79_, 0, 0, 1, 0, 0, 1, 0, 1, 0, 0, 0, 0, 0, 1, 0, 2, 2, 0, 3, 0, 5
90_, 0, 1, 0, 0, 0, 1, 0, 1, 0, 0, 0, 0, 0, 1, 1, 1, 2, 0, 3, 0, 4
9_, 0, 1, 0, 0, 1, 0, 0, 1, 0, 0, 0, 0, 0, 1, 0, 1, 1, 0, 3, 0, 4
28_, 0, 0, 1, 0, 1, 0, 0, 1, 0, 0, 1, 0, 0, 0, 0, 2, 1, 0, 0, 0, 3
3_, 0, 0, 1, 0, 0, 1, 0, 1, 0, 0, 0, 0, 0, 1, 0, 2, 2, 0, 3, 0, 5
5_, 0, 0, 1, 0, 1, 0, 0, 0, 1, 0, 0, 0, 0, 1, 0, 2, 1, 1, 3, 0, 5
112_, 0, 1, 0, 0, 1, 0, 0, 1, 0, 0, 1, 0, 0, 0, 0, 1, 1, 0, 0, 0, 2
194_, 0, 0, 1, 0, 1, 0, 0, 0, 1, 0, 1, 0, 0, 0, 0, 2, 1, 1, 0, 0, 4
127_, 0, 0, 1, 0, 1, 0, 0, 1, 0, 0, 1, 0, 0, 0, 0, 2, 1, 0, 0, 0, 3
172_, 0, 0, 1, 0, 0, 1, 0, 1, 0, 0, 1, 0, 0, 0, 0, 2, 2, 0, 0, 0, 4
122_, 0, 0, 1, 0, 1, 0, 0, 0, 1, 0, 1, 0, 0, 0, 0, 2, 1, 1, 0, 0, 4
24_, 0, 0, 1, 0, 0, 1, 0, 0, 1, 0, 0, 0, 0, 1, 0, 2, 2, 1, 3, 0, 5
208_, 0, 0, 1, 0, 0, 1, 0, 1, 0, 0, 1, 0, 0, 0, 0, 2, 2, 0, 0, 0, 4
18_, 0, 0, 1, 0, 1, 0, 0, 1, 0, 0, 0, 0, 0, 1, 0, 2, 1, 0, 3, 0, 4
149_, 0, 0, 1, 0, 1, 0, 0, 1, 0, 0, 1, 0, 0, 0, 0, 2, 1, 0, 0, 0, 3
94_, 0, 0, 1, 0, 0, 1, 0, 1, 0, 0, 0, 0, 0, 1, 0, 2, 2, 0, 3, 0, 5
147_, 0, 0, 1, 0, 0, 1, 0, 1, 0, 0, 1, 0, 0, 0, 0, 2, 2, 0, 0, 0, 4
92_, 0, 0, 1, 0, 0, 1, 0, 1, 0, 0, 0, 0, 0, 1, 0, 2, 2, 0, 3, 0, 5
81_, 0, 0, 1, 0, 0, 1, 0, 1, 0, 0, 1, 0, 0, 0, 0, 2, 2, 0, 0, 0, 4
55_, 0, 0, 1, 0, 1, 0, 0, 1, 0, 0, 1, 0, 0, 0, 0, 2, 1, 0, 0, 0, 3
174_, 0, 0, 1, 0, 0, 1, 0, 1, 0, 0, 0, 1, 0, 0, 0, 2, 2, 0, 1, 0, 4
189_, 0, 0, 1, 0, 1, 0, 0, 1, 0, 0, 1, 0, 0, 0, 0, 2, 1, 0, 0, 0, 3
121_, 0, 0, 1, 0, 1, 0, 0, 1, 0, 0, 1, 0, 0, 0, 0, 2, 1, 0, 0, 0, 3
50_, 0, 0, 1, 0, 1, 0, 0, 1, 0, 0, 1, 0, 0, 0, 0, 2, 1, 0, 0, 0, 3
25_, 0, 0, 1, 0, 0, 1, 0, 1, 0, 0, 1, 0, 0, 0, 0, 2, 2, 0, 0, 0, 4
116_, 0, 0, 1, 0, 1, 0, 0, 1, 0, 0, 0, 0, 0, 1, 0, 2, 1, 0, 3, 1, 5
182_, 0, 0, 1, 0, 0, 1, 0, 1, 0, 0, 1, 0, 0, 0, 0, 2, 2, 0, 0, 0, 4
65_, 0, 0, 1, 0, 1, 0, 0, 1, 0, 0, 0, 0, 0, 1, 0, 2, 1, 0, 3, 0, 4
23_, 0, 1, 0, 0, 1, 0, 0, 1, 0, 0, 1, 0, 0, 0, 0, 1, 1, 0, 0, 0, 2
15_, 0, 0, 1, 0, 0, 1, 0, 0, 1, 0, 0, 0, 0, 1, 1, 2, 2, 1, 3, 0, 5
192_, 0, 1, 0, 0, 1, 0, 0, 1, 0, 0, 1, 0, 0, 0, 0, 1, 1, 0, 0, 0, 2
146_, 0, 0, 1, 0, 1, 0, 0, 1, 0, 0, 1, 0, 0, 0, 0, 2, 1, 0, 0, 0, 3
22_, 0, 0, 1, 0, 0, 1, 0, 0, 1, 0, 0, 0, 0, 1, 1, 2, 2, 1, 3, 1, 5
6_, 0, 0, 1, 0, 1, 0, 0, 1, 0, 0, 1, 0, 0, 0, 0, 2, 1, 0, 0, 0, 3
180_, 0, 0, 1, 0, 1, 0, 0, 1, 0, 0, 1, 0, 0, 0, 0, 2, 1, 0, 0, 0, 3
87_, 0, 0, 1, 0, 0, 1, 0, 0, 1, 0, 1, 0, 0, 0, 0, 2, 2, 1, 0, 0, 4
30_, 0, 0, 1, 0, 1, 0, 0, 1, 0, 0, 1, 0, 0, 0, 0, 2, 1, 0, 0, 0, 3
17_, 0, 0, 1, 0, 1, 0, 0, 1, 0, 0, 1, 0, 0, 0, 0, 2, 1, 0, 0, 0, 3
53_, 0, 0, 1, 0, 0, 1, 0, 0, 1, 0, 0, 0, 0, 1, 1, 2, 2, 1, 3, 1, 5
161_, 0, 1, 0, 0, 0, 1, 0, 1, 0, 0, 0, 0, 0, 1, 0, 1, 2, 0, 3, 0, 4
31_, 0, 0, 1, 0, 1, 0, 0, 0, 1, 0, 0, 1, 0, 0, 0, 2, 1, 1, 1, 0, 4
197_, 0, 0, 1, 0, 1, 0, 0, 1, 0, 0, 0, 0, 0, 1, 0, 2, 1, 0, 3, 0, 4
67_, 0, 0, 1, 0, 1, 0, 0, 1, 0, 0, 1, 0, 0, 0, 0, 2, 1, 0, 0, 0, 3
93_, 0, 0, 1, 0, 1, 0, 0, 1, 0, 0, 1, 0, 0, 0, 0, 2, 1, 0, 0, 0, 3
33_, 0, 0, 1, 0, 0, 1, 0, 1, 0, 0, 1, 0, 0, 0, 0, 2, 2, 0, 0, 1, 5
42_, 0, 0, 1, 0, 0, 1, 0, 1, 0, 0, 1, 0, 0, 0, 0, 2, 2, 0, 0, 0, 4
51_, 0, 0, 1, 0, 0, 1, 0, 1, 0, 0, 1, 0, 0, 0, 0, 2, 2, 0, 0, 0, 4
16_, 0, 0, 1, 0, 0, 1, 0, 1, 0, 0, 0, 0, 1, 0, 0, 2, 2, 0, 2, 0, 4
100_, 0, 1, 0, 0, 1, 0, 0, 1, 0, 0, 0, 1, 0, 0, 0, 1, 1, 0, 1, 0, 3
60_, 0, 0, 1, 0, 0, 1, 0, 1, 0, 0, 1, 0, 0, 0, 0, 2, 2, 0, 0, 0, 4
70_, 0, 0, 1, 0, 0, 1, 0, 0, 1, 0, 1, 0, 0, 0, 1, 2, 2, 1, 0, 1, 5
188_, 0, 0, 1, 0, 0, 1, 0, 0, 0, 1, 0, 0, 0, 1, 0, 2, 2, 2, 3, 0, 5
125_, 0, 0, 1, 0, 0, 0, 1, 0, 0, 1, 1, 0, 0, 0, 0, 2, 3, 2, 0, 1, 5
175_, 0, 0, 1, 0, 0, 1, 0, 1, 0, 0, 0, 0, 1, 0, 0, 2, 2, 0, 2, 0, 4
132_, 0, 0, 1, 0, 0, 0, 1, 1, 0, 0, 0, 0, 0, 1, 1, 2, 3, 0, 3, 0, 5
209_, 0, 0, 1, 0, 0, 1, 0, 0, 1, 0, 1, 0, 0, 0, 0, 2, 2, 1, 0, 0, 4
1_, 0, 0, 1, 0, 1, 0, 0, 1, 0, 0, 1, 0, 0, 0, 0, 2, 1, 0, 0, 0, 3
36_, 0, 0, 1, 0, 0, 1, 0, 1, 0, 0, 1, 0, 0, 0, 0, 2, 2, 0, 0, 0, 4
155_, 0, 0, 1, 0, 1, 0, 0, 1, 0, 0, 0, 1, 0, 0, 0, 2, 1, 0, 1, 0, 4
183_, 0, 0, 1, 0, 1, 0, 0, 1, 0, 0, 0, 0, 0, 1, 1, 2, 1, 0, 3, 0, 4
73_, 0, 1, 0, 0, 1, 0, 0, 1, 0, 0, 0, 0, 0, 1, 0, 1, 1, 0, 3, 0, 4
198_, 0, 1, 0, 0, 1, 0, 0, 1, 0, 0, 0, 0, 0, 1, 0, 1, 1, 0, 3, 1, 5
134_, 0, 0, 1, 0, 1, 0, 0, 1, 0, 0, 1, 0, 0, 0, 0, 2, 1, 0, 0, 0, 3
114_, 0, 0, 1, 0, 1, 0, 0, 1, 0, 0, 1, 0, 0, 0, 0, 2, 1, 0, 0, 0, 3
199_, 0, 0, 1, 0, 0, 1, 0, 0, 1, 0, 0, 0, 0, 1, 1, 2, 2, 1, 3, 1, 5
95_, 0, 0, 1, 0, 0, 1, 0, 1, 0, 0, 1, 0, 0, 0, 0, 2, 2, 0, 0, 0, 4
150_, 0, 0, 1, 0, 0, 1, 0, 1, 0, 0, 0, 1, 0, 0, 0, 2, 2, 0, 1, 0, 4
102_, 0, 1, 0, 0, 1, 0, 0, 1, 0, 0, 0, 0, 0, 1, 0, 1, 1, 0, 3, 0, 4
204_, 0, 0, 1, 0, 0, 1, 0, 0, 0, 1, 0, 0, 0, 1, 0, 2, 2, 2, 3, 1, 5
206_, 0, 0, 1, 0, 1, 0, 0, 1, 0, 0, 0, 0, 0, 1, 0, 2, 1, 0, 3, 0, 4
11_, 0, 0, 1, 0, 0, 1, 0, 1, 0, 0, 0, 0, 0, 1, 0, 2, 2, 0, 3, 0, 5
2_, 0, 1, 0, 0, 1, 0, 0, 1, 0, 0, 1, 0, 0, 0, 0, 1, 1, 0, 0, 0, 2
96_, 0, 0, 1, 0, 1, 0, 0, 1, 0, 0, 1, 0, 0, 0, 0, 2, 1, 0, 0, 1, 4
101_, 0, 1, 0, 0, 1, 0, 0, 1, 0, 0, 0, 1, 0, 0, 0, 1, 1, 0, 1, 0, 3
89_, 0, 0, 1, 0, 0, 1, 0, 1, 0, 0, 0, 1, 0, 0, 0, 2, 2, 0, 1, 0, 4
181_, 0, 0, 1, 0, 1, 0, 0, 1, 0, 0, 0, 0, 0, 1, 0, 2, 1, 0, 3, 0, 4
167_, 0, 0, 1, 0, 0, 1, 0, 1, 0, 0, 1, 0, 0, 0, 0, 2, 2, 0, 0, 0, 4
20_, 0, 0, 1, 0, 1, 0, 0, 1, 0, 0, 0, 0, 0, 1, 0, 2, 1, 0, 3, 0, 4
152_, 0, 0, 1, 0, 0, 1, 0, 1, 0, 0, 1, 0, 0, 0, 0, 2, 2, 0, 0, 0, 4
110_, 0, 0, 1, 0, 1, 0, 0, 1, 0, 0, 1, 0, 0, 0, 0, 2, 1, 0, 0, 0, 3
40_, 0, 1, 0, 0, 0, 1, 0, 1, 0, 0, 1, 0, 0, 0, 0, 1, 2, 0, 0, 0, 3
72_, 0, 0, 1, 0, 1, 0, 0, 1, 0, 0, 0, 0, 0, 1, 0, 2, 1, 0, 3, 0, 4
126_, 0, 0, 1, 0, 0, 0, 1, 0, 1, 0, 0, 0, 0, 1, 0, 2, 3, 1, 3, 0, 5
117_, 0, 1, 0, 0, 1, 0, 0, 1, 0, 0, 1, 0, 0, 0, 0, 1, 1, 0, 0, 0, 2
7_, 0, 1, 0, 0, 1, 0, 0, 1, 0, 0, 1, 0, 0, 0, 0, 1, 1, 0, 0, 0, 2
46_, 0, 1, 0, 0, 1, 0, 0, 1, 0, 0, 1, 0, 0, 0, 0, 1, 1, 0, 0, 0, 2
148_, 0, 0, 1, 0, 1, 0, 0, 1, 0, 0, 0, 0, 1, 0, 0, 2, 1, 0, 2, 0, 4
83_, 0, 0, 1, 0, 0, 1, 0, 1, 0, 0, 1, 0, 0, 0, 0, 2, 2, 0, 0, 0, 4
118_, 0, 0, 1, 0, 0, 1, 0, 0, 1, 0, 1, 0, 0, 0, 0, 2, 2, 1, 0, 0, 4
212_, 0, 0, 1, 0, 1, 0, 0, 1, 0, 0, 1, 0, 0, 0, 0, 2, 1, 0, 0, 0, 3
178_, 0, 0, 1, 0, 1, 0, 0, 1, 0, 0, 0, 0, 0, 1, 0, 2, 1, 0, 3, 0, 4
185_, 0, 0, 1, 0, 0, 1, 0, 1, 0, 0, 1, 0, 0, 0, 1, 2, 2, 0, 0, 0, 4
151_, 0, 0, 1, 0, 1, 0, 0, 1, 0, 0, 1, 0, 0, 0, 0, 2, 1, 0, 0, 0, 3
62_, 0, 0, 1, 0, 1, 0, 0, 1, 0, 0, 1, 0, 0, 0, 0, 2, 1, 0, 0, 1, 4
144_, 0, 0, 1, 0, 0, 1, 0, 1, 0, 0, 0, 0, 0, 1, 1, 2, 2, 0, 3, 0, 5
63_, 0, 0, 1, 0, 1, 0, 0, 1, 0, 0, 0, 1, 0, 0, 0, 2, 1, 0, 1, 0, 4
136_, 0, 0, 1, 0, 0, 1, 0, 0, 1, 0, 0, 0, 0, 1, 0, 2, 2, 1, 3, 1, 5
71_, 0, 0, 1, 0, 1, 0, 0, 0, 1, 0, 0, 0, 1, 0, 0, 2, 1, 1, 2, 0, 5
66_, 0, 0, 1, 0, 0, 1, 0, 1, 0, 0, 0, 0, 0, 1, 1, 2, 2, 0, 3, 0, 5
190_, 0, 0, 1, 0, 1, 0, 0, 1, 0, 0, 0, 0, 0, 1, 1, 2, 1, 0, 3, 0, 4
57_, 0, 0, 1, 0, 0, 0, 1, 1, 0, 0, 0, 0, 0, 1, 0, 2, 3, 0, 3, 0, 5
75_, 0, 0, 1, 0, 0, 1, 0, 1, 0, 0, 1, 0, 0, 0, 0, 2, 2, 0, 0, 0, 4
160_, 0, 1, 0, 0, 1, 0, 0, 1, 0, 0, 0, 1, 0, 0, 0, 1, 1, 0, 1, 0, 3
4_, 0, 1, 0, 0, 0, 1, 0, 1, 0, 0, 1, 0, 0, 0, 0, 1, 2, 0, 0, 0, 3
56_, 0, 0, 1, 0, 0, 0, 1, 1, 0, 0, 0, 0, 1, 0, 0, 2, 3, 0, 2, 0, 5
153_, 0, 1, 0, 0, 1, 0, 0, 0, 1, 0, 1, 0, 0, 0, 0, 1, 1, 1, 0, 0, 4
157_, 0, 0, 1, 0, 1, 0, 0, 1, 0, 0, 1, 0, 0, 0, 0, 2, 1, 0, 0, 0, 3
82_, 0, 1, 0, 0, 0, 1, 0, 1, 0, 0, 0, 0, 0, 1, 0, 1, 2, 0, 3, 0, 4
166_, 0, 0, 1, 0, 1, 0, 0, 1, 0, 0, 0, 1, 0, 0, 0, 2, 1, 0, 1, 0, 4
49_, 0, 0, 1, 0, 1, 0, 0, 1, 0, 0, 1, 0, 0, 0, 0, 2, 1, 0, 0, 0, 3
210_, 0, 1, 0, 0, 1, 0, 0, 1, 0, 0, 1, 0, 0, 0, 0, 1, 1, 0, 0, 0, 2
12_, 0, 0, 1, 0, 0, 1, 0, 0, 1, 0, 0, 0, 0, 1, 0, 2, 2, 1, 3, 0, 5
141_, 0, 0, 1, 0, 0, 1, 0, 1, 0, 0, 1, 0, 0, 0, 0, 2, 2, 0, 0, 0, 4
202_, 0, 0, 1, 0, 0, 1, 0, 1, 0, 0, 1, 0, 0, 0, 0, 2, 2, 0, 0, 0, 4
196_, 0, 0, 1, 0, 0, 1, 0, 0, 0, 1, 0, 0, 0, 1, 1, 2, 2, 2, 3, 0, 5
41_, 0, 1, 0, 0, 1, 0, 0, 1, 0, 0, 0, 0, 0, 1, 0, 1, 1, 0, 3, 0, 4
129_, 0, 0, 1, 0, 1, 0, 0, 1, 0, 0, 1, 0, 0, 0, 0, 2, 1, 0, 0, 0, 3
191_, 0, 0, 1, 0, 0, 1, 0, 1, 0, 0, 1, 0, 0, 0, 0, 2, 2, 0, 0, 0, 4
162_, 0, 0, 1, 0, 1, 0, 0, 1, 0, 0, 1, 0, 0, 0, 0, 2, 1, 0, 0, 0, 3
173_, 0, 0, 1, 0, 1, 0, 0, 1, 0, 0, 1, 0, 0, 0, 0, 2, 1, 0, 0, 0, 3
213_, 0, 0, 1, 0, 1, 0, 0, 1, 0, 0, 1, 0, 0, 0, 0, 2, 1, 0, 0, 0, 3
14_, 0, 0, 1, 0, 0, 1, 0, 1, 0, 0, 1, 0, 0, 0, 0, 2, 2, 0, 0, 0, 4
78_, 0, 0, 1, 0, 0, 1, 0, 1, 0, 0, 0, 0, 0, 1, 0, 2, 2, 0, 3, 1, 5
105_, 0, 0, 1, 0, 0, 1, 0, 1, 0, 0, 0, 0, 0, 0, 0, 2, 2, 0, 4, 0, 5
97_, 0, 1, 0, 0, 1, 0, 0, 1, 0, 0, 1, 0, 0, 0, 0, 1, 1, 0, 0, 1, 4
176_, 0, 0, 1, 0, 1, 0, 0, 1, 0, 0, 1, 0, 0, 0, 0, 2, 1, 0, 0, 0, 3
84_, 0, 0, 1, 0, 0, 1, 0, 1, 0, 0, 0, 1, 0, 0, 0, 2, 2, 0, 1, 0, 4
               attribs  cystic  mixed  solid  anechoic  hyper/iso  hypo  very hypo  ill-defined/smooth  lobulated  e-T extension  non  macro  rim  micro
0               cystic       0      0      0         1          0     0          0                   1          0              0    1      0    0      0
1                mixed       0      0      0         0         26    12          0                  36          2              0   19      7    0     12
2                solid       0      0      0         0         72    76          5                 124         24              5   83     16    7     46
3             anechoic       1      0      0         0          0     0          0                   1          0              0    1      0    0      0
4                hyper       0     26     72         0          0     0          0                  91          7              0   56     15    4     23
5                 hypo       0     12     76         0          0     0          0                  66         18              4   45      8    2     32
6          marked hypo       0      0      5         0          0     0          0                   3          1              1    1      0    1      3
7   ill-defined/smooth       1     36    124         1         91    66          3                   0          0              0   93     20    6     41
8            lobulated       0      2     24         0          7    18          1                   0          0              0    9      2    1     14
9        E-T extension       0      0      5         0          0     4          1                   0          0              0    1      1    0      3
10                 non       1     19     83         1         56    45          1                  93          9              1    0      0    0      0
11               macro       0      7     16         0         15     8          0                  20          2              1    0      0    0      0
12                 rim       0      0      7         0          4     2          1                   6          1              0    0      0    0      0
13               micro       0     12     46         0         23    32          3                  41         14              3    0      0    0      0
valid data items=192
dep_var: comp
cond:0 0 0 ['1.0', '0.0', '0.0']
cond:1 0 0 ['0.0', '0.20754716981132076', '0.7924528301886793']
cond:1 0 1 ['0.0', '0.5', '0.5']
cond:1 0 2 ['0.0', '0.0', '1.0']
cond:1 0 3 ['0.0', '0.3333333333333333', '0.6666666666666666']
cond:1 1 0 ['0.0', '0.3333333333333333', '0.6666666666666666']
cond:1 1 1 ['0.0', '0.0', '1.0']
cond:1 1 2 ['0.0', '0.0', '1.0']
cond:1 1 3 ['0.0', '0.0', '1.0']
cond:2 0 0 ['0.0', '0.1794871794871795', '0.8205128205128205']
cond:2 0 1 ['0.0', '0.0', '1.0']
cond:2 0 2 ['0.0', '0.0', '1.0']
cond:2 0 3 ['0.0', '0.2222222222222222', '0.7777777777777778']
cond:2 1 0 ['0.0', '0.0', '1.0']
cond:2 1 1 ['0.0', '0.0', '1.0']
cond:2 1 3 ['0.0', '0.09090909090909091', '0.9090909090909091']
cond:2 2 1 ['0.0', '0.0', '1.0']
cond:2 2 3 ['0.0', '0.0', '1.0']
cond:3 0 2 ['0.0', '0.0', '1.0']
cond:3 0 3 ['0.0', '0.0', '1.0']
cond:3 1 3 ['0.0', '0.0', '1.0']
cond:3 2 0 ['0.0', '0.0', '1.0']
dep_var: echo
cond:0 0 0 ['1.0', '0.0', '0.0', '0.0']
cond:1 0 0 ['0.0', '0.6111111111111112', '0.3888888888888889', '0.0']
cond:1 0 1 ['0.0', '1.0', '0.0', '0.0']
cond:1 0 3 ['0.0', '0.6363636363636364', '0.36363636363636365', '0.0']
cond:1 1 0 ['0.0', '1.0', '0.0', '0.0']
cond:1 1 3 ['0.0', '0.0', '1.0', '0.0']
cond:2 0 0 ['0.0', '0.5675675675675675', '0.43243243243243246', '0.0']
cond:2 0 1 ['0.0', '0.5384615384615384', '0.46153846153846156', '0.0']
cond:2 0 2 ['0.0', '0.5', '0.3333333333333333', '0.16666666666666666']
cond:2 0 3 ['0.0', '0.4666666666666667', '0.4666666666666667', '0.06666666666666667']
cond:2 1 0 ['0.0', '0.25', '0.75', '0.0']
cond:2 1 1 ['0.0', '0.5', '0.5', '0.0']
cond:2 1 2 ['0.0', '1.0', '0.0', '0.0']
cond:2 1 3 ['0.0', '0.15384615384615385', '0.7692307692307693', '0.07692307692307693']
cond:2 2 0 ['0.0', '0.0', '0.0', '1.0']
cond:2 2 1 ['0.0', '0.0', '1.0', '0.0']
cond:2 2 3 ['0.0', '0.0', '1.0', '0.0']
dep_var: margin
cond:0 0 0 ['1.0', '0.0', '0.0']
cond:1 1 0 ['0.9166666666666666', '0.08333333333333333', '0.0']
cond:1 1 1 ['1.0', '0.0', '0.0']
cond:1 1 3 ['1.0', '0.0', '0.0']
cond:1 2 0 ['1.0', '0.0', '0.0']
cond:1 2 3 ['0.8', '0.2', '0.0']
cond:2 1 0 ['0.9545454545454546', '0.045454545454545456', '0.0']
cond:2 1 1 ['0.875', '0.125', '0.0']
cond:2 1 2 ['0.75', '0.25', '0.0']
cond:2 1 3 ['0.875', '0.125', '0.0']
cond:2 2 0 ['0.8421052631578947', '0.15789473684210525', '0.0']
cond:2 2 1 ['0.75', '0.125', '0.125']
cond:2 2 2 ['1.0', '0.0', '0.0']
cond:2 2 3 ['0.5185185185185185', '0.37037037037037035', '0.1111111111111111']
cond:2 3 0 ['0.0', '0.0', '1.0']
cond:2 3 2 ['1.0', '0.0', '0.0']
cond:2 3 3 ['0.6666666666666666', '0.3333333333333333', '0.0']
dep_var: calc
cond:0 0 0 ['1.0', '0.0', '0.0', '0.0']
cond:1 1 0 ['0.44', '0.28', '0.0', '0.28']
cond:1 1 1 ['1.0', '0.0', '0.0', '0.0']
cond:1 2 0 ['0.6363636363636364', '0.0', '0.0', '0.36363636363636365']
cond:1 2 1 ['0.0', '0.0', '0.0', '1.0']
cond:2 1 0 ['0.6363636363636364', '0.10606060606060606', '0.045454545454545456', '0.21212121212121213']
cond:2 1 1 ['0.3333333333333333', '0.16666666666666666', '0.16666666666666666', '0.3333333333333333']
cond:2 2 0 ['0.5925925925925926', '0.1111111111111111', '0.037037037037037035', '0.25925925925925924']
cond:2 2 1 ['0.35294117647058826', '0.058823529411764705', '0.0', '0.5882352941176471']
cond:2 2 2 ['0.0', '0.25', '0.0', '0.75']
cond:2 3 0 ['0.0', '0.0', '0.3333333333333333', '0.6666666666666666']
cond:2 3 1 ['0.0', '0.0', '0.0', '1.0']
cond:2 3 2 ['1.0', '0.0', '0.0', '0.0']
